goal:[300, 500]; reward:211.17251586914062 
goal:[300, 500]; reward:57.59706115722656 
